694
145
1086
41
1355
236
104
390
1366
566
380
576
25
324
1162
1076
1277
690
44
1361
892
1257
131
488
443
449
59
535
1046
166
937
485
1053
1298
1202
446
244
1150
1205
1267
1007
1310
1258
704
268
365
1322
325
1458
1352
1450
940
13
514
405
494
370
1188
737
1060
218
663
1117
987
1254
555
1297
1028
82
796
1296
1011
1017
275
1420
320
1013
784
107
1443
89
147
1473
545
615
1015
33
455
8
421
265
985
633
439
1266
1463
776
152
379
310
402
699
519
297
548
1154
1354
1036
146
246
138
1105
1410
1289
354
1250
1126
124
192
1284
347
1357
1103
1211
990
611
894
689
1404
1484
1038
1100
621
1286
134
1168
466
216
1409
331
287
278
148
74
11
974
993
736
1487
1318
1412
822
813
612
688
674
1440
301
176
926
859
722
614
714
1332
169
1054
1424
1343
437
988
522
193
84
1242
542
1495
1026
1077
936
607
164
817
757
68
554
853
729
1227
734
1147
1308
710
158
1107
1314
592
1101
706
1396
1145
381
909
654
2
1043
203
417
102
816
1390
282
717
292
72
1002
442
1062
399
629
65
998
266
1499
732
749
902
86
213
1437
1137
779
377
484
93
317
28
1039
249
274
52
676
1428
992
531
572
427
870
1129
874
480
820
1041
1210
536
1241
833
754
452
1379
839
157
43
1004
1085
1438
1444
329
1131
1160
181
1344
1500
1453
609
1248
1485
797
620
1
949
1252
1135
764
1156
804
27
976
868
296
362
783
973
549
256
1215
321
583
1112
997
948
304
559
291
293
1269
774
1359
338
450
977
55
521
1003
858
424
1072
125
1498
1014
787
1143
825
165
132
30
836
101
1392
857
238
434
339
525
46
475
890
7
712
786
336
748
596
470
658
1090
720
642
465
547
81
1122
1209
962
1238
1132
1148
770
1040
22
1471
211
528
1115
708
915
313
20
619
168
97
1369
649
221
189
780
115
303
896
798
565
334
587
264
1425
173
682
904
803
109
453
398
782
283
643
63
1113
746
1331
1092
1127
280
360
1324
1386
64
1075
1418
707
121
359
37
805
70
133
552
1097
560
601
501
1130
491
295
1456
472
1171
766
852
880
1268
375
875
481
715
374
628
1208
1264
149
840
423
1313
123
578
759
735
808
315
1073
183
1460
1402
1169
967
823
225
569
991
526
111
403
954
100
469
761
416
167
1291
1490
99
644
1349
1406
290
1031
913
1494
1408
1335
1070
855
1149
1287
262
692
1340
1008
496
860
683
928
202
357
561
897
471
867
1447
700
1348
673
1102
924
639
1078
538
498
1047
190
1027
809
1118
58
1212
56
1283
669
687
154
971
1468
388
684
50
1178
500
685
1184
419
1403
1079
691
16
953
1394
286
1281
942
1133
105
461
1253
45
1483
1295
1192
418
120
358
1243
681
1010
824
1128
1226
1375
511
478
1067
512
363
251
1217
199
944
1232
1274
174
918
543
1098
727
159
1050
577
718
170
1042
865
1012
1421
1080
460
1442
665
1364
372
279
1467
613
1052
473
62
420
818
1087
464
410
1005
696
4
713
1233
889
610
516
795
790
1110
406
842
66
1136
741
308
404
483
983
558
950
24
524
1194
175
775
96
1191
1300
240
314
285
1180
1323
883
503
1476
108
765
591
32
1346
1362
139
557
807
239
1301
1153
1239
508
891
931
781
300
196
1138
1201
312
533
563
106
617
1096
353
635
1224
1479
391
319
383
731
812
762
1125
831
1261
195
1120
1033
627
589
523
1119
1345
728
118
1413
436
335
623
1315
876
885
1216
930
1278
306
468
376
912
207
3
1200
222
506
585
1259
1449
726
1000
520
458
1159
646
603
85
960
1303
444
241
1246
1395
537
1196
634
1401
305
228
231
1049
768
869
137
337
160
660
493
1353
907
703
243
54
1333
1190
1376
979
401
970
701
1051
75
1069
1222
355
963
695
116
489
905
220
1426
914
1158
1185
886
1065
128
721
1218
1164
1093
206
1445
1290
595
344
350
210
887
34
474
135
127
1311
1480
1176
711
513
47
1398
364
1330
413
392
130
932
984
271
799
433
1472
677
88
326
1001
1187
487
330
959
373
724
1048
939
604
351
1114
1256
1411
1140
1182
1363
208
1175
693
1193
1146
95
588
1351
667
51
1061
1302
1381
1029
254
234
1183
163
346
1469
463
1387
586
409
679
1213
1124
448
1186
1203
5
1225
638
1108
245
1157
233
966
848
655
849
919
541
838
6
273
386
716
1123
23
1170
1400
772
235
60
426
1165
1174
255
1393
1288
965
1021
935
114
518
1066
590
777
1161
18
1058
1206
411
1247
1337
733
69
1430
574
1024
1470
26
505
509
958
666
753
946
1317
981
1466
927
61
184
1304
1181
947
606
1464
272
827
90
1312
1360
600
1074
367
1236
343
652
515
999
502
1244
1377
277
1245
568
929
1492
785
933
1151
631
1030
995
497
1391
1155
1141
197
445
1327
1260
1282
862
1229
1231
1452
91
144
1325
1234
1018
1461
1422
659
1214
920
397
79
1374
570
198
98
895
38
1477
428
1326
1019
1272
1091
253
1328
103
752
1433
1152
432
1179
230
1034
333
943
863
281
1293
955
898
31
408
871
1338
451
284
1134
1230
1057
80
1044
456
36
911
378
316
1389
188
151
789
257
1334
205
802
186
430
815
40
680
21
656
232
1436
349
553
769
1275
1089
622
730
828
486
431
219
400
546
12
1006
1177
1104
844
1378
1417
179
567
1023
1429
215
829
671
819
83
675
1475
435
1016
229
1489
1382
299
1094
1207
801
670
302
250
686
625
938
394
1372
112
1121
517
1280
76
1099
1407
664
556
1455
778
1223
1116
821
598
544
975
395
276
580
263
396
661
1109
705
846
136
323
571
39
1367
1497
672
1493
1144
861
698
678
527
945
1380
751
978
1273
48
438
1055
214
53
864
564
113
1465
1423
1448
94
986
407
385
1441
342
119
1358
1198
289
1262
311
1173
49
140
429
1356
969
172
579
632
298
1064
1228
1294
994
71
1220
252
141
921
1432
1305
1082
618
242
507
884
594
1045
78
647
934
17
361
1414
150
73
1373
877
1270
1249
92
856
14
1371
743
750
648
893
582
773
9
267
1292
248
1446
1068
847
1488
1368
153
529
177
224
608
1299
209
952
626
1142
1276
35
1339
980
1279
744
345
440
476
1139
1434
180
739
616
194
117
1405
1388
490
412
142
763
1397
393
1474
340
540
237
1009
122
1383
1189
1457
916
1454
791
348
57
1481
182
328
767
1336
845
1111
1459
800
756
530
917
581
482
901
697
826
624
982
873
881
187
356
1399
269
10
1172
259
755
1321
742
1020
462
1237
15
662
1037
771
288
467
922
989
1197
832
327
110
415
457
1478
1435
745
1307
495
156
1167
200
1035
322
1482
879
212
630
1462
605
837
155
951
366
129
719
903
454
843
332
29
1496
382
851
866
738
294
425
641
872
499
1384
850
258
387
602
834
1416
1071
968
830
19
760
653
702
1204
841
42
551
479
1195
668
1163
599
217
1081
1486
888
1106
575
223
1271
1427
161
910
368
972
534
906
1451
1219
550
1063
1166
996
1316
270
788
1415
747
1235
835
87
422
793
854
758
1342
1439
171
1084
1095
1240
162
1309
573
185
957
1255
1263
1491
1341
584
539
1320
640
908
806
191
882
810
1083
814
1370
226
1251
1419
723
1088
532
650
369
67
227
636
492
441
900
811
318
504
637
1350
459
261
956
1221
941
447
1431
562
740
794
964
593
1025
925
1306
204
709
1385
1032
510
645
477
414
143
307
923
309
961
651
77
126
1059
725
178
878
1056
1347
247
1285
1319
352
899
597
657
1265
1365
1329
371
1022
792
260
1199
341
384
389
201