0.49774518609046936
0.5108338760005103
0.5136924054887559
0.5169543789492713
0.5275689628389146
0.5284284693854195
0.5384413599967957
0.5425127016173469
0.5502902501159244
0.5527664025624593
0.5548932353655497
0.5586207906405131
0.5604072544309828
0.5607810020446777
0.5629466970761617
0.5642641054259406
0.5659062332577176
0.5702599287033081
0.5813049077987671
0.5820038616657257
0.5873805218272738
0.5883411433961656
0.5883739524417453
0.5894825922118293
0.5902154275349208
0.5908583071496751
0.5908908579084609
0.5911298327975802
0.5916037592622969
0.5916740761862861
0.5941750577517918
0.5960111949178908
0.598285049200058
0.6004285679923164
0.6012425223986307
0.6023932960298326
0.6037365992863973
0.6048057013087802
0.6049038436677721
0.6060035559866164
0.6085541645685831
0.6087016264597574
0.609069790158953
0.6097664303249783
0.6106455259852939
0.6126307116614448
0.6133913199106852
0.6152468787299262
0.6180055652345929
0.6181682083341811
0.618337367262159
0.6184512972831726
0.6231125659412808
0.6235457923677232
0.6237054136064317
0.6244890860148838
0.6253588880811419
0.6255576809247335
0.6260324716567993
0.6269441644350687
0.627182834678226
0.6273071765899658
0.6315328677495321
0.6338023477130466
0.6365904344452752
0.6367060475879245
0.6369890173276266
0.6370566089948019
0.6387927797105577
0.6407981183793809
0.6413241691059537
0.6424665053685507
0.6432358556323581
0.6447320249345567
0.6449149052302042
0.6451714975493295
0.6458767321374681
0.6459589799245199
0.6462708967072623
0.6466085248523288
0.6470525413751602
0.6475636448178973
0.6476999256345961
0.6479885067258563
0.6480920049879286
0.6487757733889988
0.6498128573099772
0.6500583622190688
0.6511927710639106
0.6516929202609592
0.6520822511778938
0.6522324151462979
0.6523723072475858
0.6530873245663114
0.6537362469567193
0.6550349394480387
0.6568265822198656
0.6572928296195136
0.6576055735349655
0.6595897343423631
0.6598364048533969
0.6609117322497897
0.6620113319820828
0.6633042097091675
0.6634567635399955
0.6637151373757256
0.6641508407062955
0.6645029054747688
0.6646002001232572
0.664867447482215
0.6655130982398987
0.6659098731146919
0.6664469838142395
0.6668332616488138
0.6672931843333774
0.6682770318455167
0.669615195857154
0.6697353635515485
0.6708366870880127
0.6709027157889472
0.6709848642349243
0.6711829702059428
0.6723764737447103
0.6726250393050057
0.6735546257760789
0.6736959748797946
0.6740331451098124
0.6740785506036546
0.674505523272923
0.6745537916819254
0.6748927235603333
0.6751789715554979
0.6752396159701877
0.6752821273273892
0.6756465179579598
0.6760828561253018
0.6761591945375715
0.6761601907866341
0.6765767402119107
0.6770613590876261
0.6785758071475558
0.6785996225145128
0.6804406974050734
0.6813149518436856
0.6813808944490221
0.6816847390598721
0.6818122438022068
0.6819019913673401
0.6826155781745911
0.6826263666152954
0.6827473981039864
0.682816293504503
0.6828271065439496
0.682947405747005
0.6833704511324564
0.6834469636281332
0.6841866629464286
0.6841904256078932
0.6843216949039035
0.6845052923474994
0.684505303700765
0.684792297227042
0.6856321295102438
0.6858024530940585
0.6858097049925063
0.6858212484253777
0.6858855932950974
0.6860347787539164
0.6861581461770194
0.6861836314201355
0.6863518555959066
0.6867085297902426
0.6867154240608215
0.6869596772723727
0.6873856101717267
0.687625127179282
0.6880969338946872
0.6888596074921745
0.6891635523902045
0.6896720065010918
0.690080357922448
0.6901757518450419
0.6903444859716628
0.6903512544102139
0.69086554646492
0.690941678153144
0.6916174425019158
0.6916207160268512
0.6918230454126993
0.6918975048595004
0.6920643846193949
0.692140605714586
0.6921932631068759
0.6927014854219224
0.6935363213221232
0.6936252580748664
0.6937732355935233
0.6939331718853542
0.6951282487975227
0.6954971892493111
0.6959678265783522
0.6960171262423197
0.6963716679149203
0.6965234875679016
0.6968293275151934
0.6971008314026726
0.6972919305165609
0.6974292000134786
0.6976828111542596
0.6979539261923896
0.698174410396152
0.6985874109798007
0.6988388233714633
0.6996817058987088
0.6999089206968035
0.6999153031243218
0.6999421034540448
0.7001076170376369
0.700120210647583
0.7006962762938606
0.7007057070732117
0.7008660104539659
0.7008885807461209
0.7012122604582045
0.7012799713346693
0.7013359997007582
0.701360391245948
0.7017447551091512
0.7017617736543927
0.7022179696294997
0.7022719085216522
0.7023971941736009
0.7024593097823006
0.7024605472882589
0.7024858792622884
0.7029074496693082
0.7032438601766314
0.7036037445068359
0.704185876581404
0.7043419480323792
0.7043693727917142
0.7044094602266947
0.7044141756163703
0.704602426952786
0.7046257257461548
0.7048115332921346
0.7050661359514508
0.7051807045936584
0.7054269446267022
0.7059708303875394
0.7061979108386569
0.7062924173143175
0.7069884869787428
0.7071308692296346
0.7071331871880425
0.707144388130733
0.7077953153186374
0.708125564787123
0.7082046601507399
0.7083720962206522
0.7083883616659377
0.7084532446331449
0.7085914782115391
0.7086369461483426
0.7088218794928657
0.7090374380350113
0.7091443538665771
0.7092218200365702
0.7092490328682793
0.7096870797021049
0.7098117139604356
0.7101355592409769
0.7102542055977715
0.7102878093719482
0.7103450638907296
0.7104431721899245
0.7108690738677979
0.7114977306789823
0.7119151883655124
0.7119216748646328
0.7121414144833883
0.7123212814331055
0.7125419122832162
0.7131063342094421
0.7131650958742414
0.7137952049573263
0.7139215403132968
0.7140623066160414
0.7143442715917315
0.7143916487693787
0.7146441681044442
0.7149723437097337
0.7150704132186042
0.7151775785854885
0.7151792181862725
0.7151864085878644
0.7155318657557169
0.7157994593892779
0.7165603439013163
0.7166595373834882
0.7167908747990926
0.716924922806876
0.7169987095726861
0.7171994778845046
0.71752354171541
0.7176114784346687
0.7176882359716628
0.7176953554153442
0.7178075578477647
0.7178754541609023
0.7180238631036546
0.7188005381160312
0.7189270343099322
0.7190395659870572
0.719428108798133
0.719454288482666
0.7195335229237875
0.7200317051675584
0.720469766192966
0.7204968399471707
0.7211403979195489
0.7215885321299235
0.7216024531258477
0.7217901859964643
0.7218423060008458
0.7218996352619595
0.7219535377290514
0.7219979895485772
0.7225671666009086
0.7228051953845553
0.7232469651434157
0.7233102236475263
0.7233456042077806
0.7234174874093797
0.7234508527649773
0.7234518660439385
0.7235202524397109
0.7236901654137505
0.7238603896564908
0.7240344683329264
0.7240635620223151
0.7243160435131618
0.7244221501880221
0.7244628998968337
0.7245099289076669
0.7247996197806464
0.7249546580844455
0.7252375019921197
0.7252377205424838
0.7254696488380432
0.7254998939377921
0.725562334060669
0.7258306443691254
0.7262499928474426
0.7263957659403483
0.7269254393047757
0.7273489766650729
0.7274358528000968
0.7277295523219638
0.727905775819506
0.7281783885425992
0.7281841966840956
0.7282716234525045
0.728513845375606
0.7285911525998797
0.728916347026825
0.7291099627812704
0.7292363132749285
0.729270705154964
0.7293225791719224
0.7294566167725457
0.7301662498050265
0.730292366610633
0.7309168775876363
0.7316093643506368
0.7317382163471646
0.7321837714740208
0.7322464651531644
0.7325026563235691
0.7326245771514045
0.7327542219843183
0.7328053977754381
0.7328915927145216
0.7329831785625882
0.7330940299563937
0.7333842430795942
0.7335556404931205
0.7335882442338126
0.7337649696403079
0.7344964676433139
0.7347221043374803
0.7348417213984898
0.734925733672248
0.7350030144055685
0.7358747323354086
0.7360095381736755
0.7360596145902362
0.7360777590009902
0.7365966373019748
0.7366284065776401
0.736755907535553
0.7369728551970588
0.737090441915724
0.7371224297417535
0.7371326259204319
0.7371571726269193
0.7374031941095988
0.7375166945987277
0.7375573090144566
0.7375690142313639
0.7377633452415466
0.7379738315939903
0.7381109264161851
0.7383666293961662
0.738385432296329
0.738599008984036
0.7391481825283596
0.7392811510297987
0.7393898963928223
0.7394975508962359
0.7398942907651266
0.7403250421796527
0.7404177851147122
0.74052361647288
0.740740974744161
0.7408311367034912
0.741044921534402
0.7415290938483344
0.7420667873488532
0.7420680390463935
0.742318352063497
0.742355397769383
0.7429112394650778
0.7429496049880981
0.742955121729109
0.7434666686587863
0.7434930205345154
0.7437731027603149
0.7438393102751838
0.7440213229921129
0.7440309354237148
0.7441892964499337
0.7442478367260524
0.7443015045589871
0.7446522031511579
0.7450518210728964
0.7453046639760336
0.7455035022326878
0.7456119192971123
0.7457966605822245
0.745974987745285
0.7460080252753364
0.7461639377805922
0.7462200257513258
0.7466808888647292
0.74672360931124
0.7467603882153829
0.7468641267882453
0.7469087176852756
0.7470172378751967
0.7473078701231215
0.7479788925912645
0.7479887869622972
0.748056259420183
0.7481185131602817
0.7481592529349856
0.7484155231051974
0.748497380150689
0.7485154138671027
0.7486417359775968
0.7487927675247192
0.7488380736774869
0.7491153393472944
0.7491217851638794
0.7493254476123385
0.749647749794854
0.7498202257686191
0.7499083545472887
0.7499508923954434
0.7501193795885358
0.7501937945683798
0.7502187490463257
0.7506379418902926
0.7509498728646172
0.7510558631685045
0.7511746883392334
0.7515057751110622
0.7528590228822496
0.7530442410045199
0.753506170378791
0.7538347442944845
0.7541109522183737
0.7542369895511203
0.7543105615509881
0.7544310026698642
0.7545379598935446
0.7547479735480415
0.7550547974450248
0.7550990846421983
0.7551696565416124
0.7555951409869723
0.7556088831689622
0.7557130919562446
0.7557322978973389
0.7562715070588248
0.7564125921991136
0.7567234569125705
0.7567319472630819
0.756796658039093
0.7573549662317548
0.7575880686442057
0.757933066950904
0.7581119802263048
0.7582857807477316
0.7583224309815301
0.7584178894758224
0.7584605302129473
0.7588740189870199
0.7589150336053636
0.7590117851893107
0.7590582541057042
0.7591434452268813
0.7592870791753134
0.7593660950660706
0.7595026559299893
0.7595110072029961
0.7603736850950453
0.7606295413441129
0.760889814959632
0.7611990107430352
0.7616619070370992
0.761773513423072
0.7619529366493225
0.7621846927536858
0.7622557613584731
0.7622559931543138
0.7623784012264676
0.7626276101384845
0.7628425690862868
0.7628638876809014
0.7630688879224989
0.7630857825279236
0.7631314264403449
0.7631541424327426
0.7632193565368652
0.7632666428883871
0.7634700110980442
0.763893379105462
0.7639677127202352
0.7641829252243042
0.7643866936365763
0.7646022240320841
0.764602800210317
0.7646702395545112
0.7647807002067566
0.7648344503508674
0.7649179233445061
0.7649207048945956
0.7651234931415982
0.765686743789249
0.7660048140419854
0.7660561118807111
0.7661838531494141
0.7662843730714586
0.7663449181450738
0.7664484315448337
0.7665830850601196
0.7666484978463914
0.7668914861149259
0.7670091901506696
0.767414026790195
0.7674829628732469
0.7675183150503371
0.767782191435496
0.7678294352122715
0.7684903608428107
0.7685067454973856
0.7685163219769796
0.7686769451413836
0.7688447038332621
0.7690312994851006
0.7691437469588386
0.7692386933735439
0.7693163667406354
0.7693586434636798
0.7694145866802761
0.7696299950281779
0.7696909838252597
0.7697010702557034
0.7697108056810167
0.7697730830737523
0.7699547012646993
0.76999774149486
0.7700808578067355
0.7704923351605734
0.7705161041683621
0.7705914633614677
0.7707639005449083
0.7710341678725349
0.7711619138717651
0.7712736460897658
0.7713536790439061
0.7714323912348066
0.7715067948613848
0.7716009285714891
0.7717417743470933
0.7718317641152276
0.7722858720355563
0.7726114136832101
0.7727283040682474
0.7728439910071236
0.7730233139461942
0.7730764415529039
0.773197455065591
0.7733996974097358
0.7737623793738229
0.7737773789299859
0.7739290859964159
0.7739902204937406
0.7740509973631965
0.7740705543094211
0.7742976886885506
0.7743045820130242
0.7743222514788309
0.7746468441826957
0.7746909989251031
0.774809373749627
0.7748185462421842
0.7748364011446635
0.7748536382402692
0.775000638431973
0.7750032279226515
0.7750331362088522
0.7753821280267503
0.7754905886120267
0.7755386167102389
0.7766512717519488
0.7766665485170152
0.776755068037245
0.776763015323215
0.7768275737762451
0.7768745753500197
0.777047163910336
0.7771131694316864
0.7771331270535787
0.777502093050215
0.7775581876436869
0.7776507990700858
0.7776717742284139
0.7777203056547377
0.7777802859033857
0.7779796520868937
0.7780363493495517
0.7780461377567716
0.7780545618798997
0.7783066166771783
0.7783414125442505
0.7785315910975138
0.7787895997365316
0.7788259585698446
0.7789219154251946
0.7789454658826193
0.7791531615787082
0.7791914542516073
0.7793259355756972
0.7797400610787528
0.7797456847296821
0.7799576984511482
0.7805482149124146
0.7805571556091309
0.7805652949545119
0.7807203871863229
0.7807857990264893
0.780873696009318
0.7809016174740262
0.78097003698349
0.7810308933258057
0.781044236251286
0.7810967299673293
0.7811253998014662
0.7811279959148831
0.7811773419380188
0.7812320590019226
0.7814556161562601
0.7815547903378804
0.7819767594337463
0.7821085963930402
0.7821206582917107
0.7821605035236904
0.7823047467640468
0.782345692316691
0.7824636697769165
0.7824806720018387
0.782558348443773
0.7827678322792053
0.7828228606118096
0.7828962869114346
0.7831002473831177
0.7833024518830436
0.7834185447011676
0.7834824389881558
0.7837309667042324
0.7838415304819742
0.7839518984158834
0.7841505739423964
0.7841739058494568
0.7845134337743124
0.7845688859621683
0.7847786098718643
0.78487143251631
0.7850418090820312
0.7851635217666626
0.7853032019403245
0.7853713631629944
0.7853828602366977
0.78546185625924
0.7855274544821845
0.7856319802148002
0.7858417365286086
0.7862050930658976
0.7862978114022149
0.7863977882597182
0.786602795124054
0.7866784599092271
0.786688956949446
0.786777913570404
0.7868121928638883
0.7868919372558594
0.7869880369731358
0.7870500617557101
0.7870942439351764
0.7871834437052408
0.7871863510873582
0.7873052557309469
0.7873589330249362
0.7874071068233914
0.787410421030862
0.7876726057794359
0.7876923254558018
0.7878837188084921
0.7883227864901224
0.7886306643486023
0.7886776063177321
0.7889160588383675
0.7890215052498711
0.7890887525346544
0.7891185681025187
0.7891712188720703
0.7892518507109748
0.7894419299231635
0.7894712090492249
0.7895746603608131
0.7897879150178697
0.7897934648725722
0.7899370448929923
0.7899378736813863
0.7901737264224461
0.7902049885855781
0.790289580821991
0.7903369400236342
0.7903736962212456
0.790470818678538
0.7906181083785163
0.7907417501722064
0.7907651596599155
0.7907719101224627
0.7908366256290011
0.7909824848175049
0.7911084095637003
0.7912283208635118
0.7913556694984436
0.7914192014270358
0.791420076574598
0.7916733821233114
0.791684091091156
0.7916964888572693
0.7916980054643419
0.7917529609468248
0.7918075654241774
0.7918164200252957
0.7918747795952691
0.791894257068634
0.7919434441460503
0.7919676568773057
0.792137588773455
0.7922959062788222
0.7924295238086155
0.7927250266075134
0.7928852703836229
0.7929120593600802
0.7930059300528632
0.7932450324296951
0.7932603624131944
0.7933885057767233
0.7935649355252584
0.793577147854699
0.7936064686094012
0.7937603924009535
0.7941920012235641
0.7942971454726325
0.7943618959850736
0.7944442696041532
0.7948179311222501
0.7948531111081442
0.7948820922109816
0.7948906932558332
0.7950061559677124
0.7950924038887024
0.7953669163915846
0.7958897948265076
0.7959258821275499
0.7959775754383632
0.795988659063975
0.7959969970915053
0.7967534235545567
0.7967995802561442
0.7968122363090515
0.7970753397260394
0.7971407969792684
0.7972123159302605
0.7973825004365709
0.7973863567624774
0.7974160446061028
0.7974896941866193
0.7975458370314704
0.7975706458091736
0.7975774237087795
0.797605468167199
0.7976964712142944
0.7977240615420871
0.7977393184389386
0.7977533870273166
0.798071649339464
0.7980727089775933
0.7981030411190457
0.7983101937505934
0.7984810216086251
0.7987105846405029
0.7987372544076707
0.7987967332204183
0.7993927134407891
0.799428573676518
0.7997938791910807
0.7998241384824117
0.7998823523521423
0.799887376172202
0.7998948362138536
0.7999673551983304
0.8000512454244826
0.8001826736662123
0.8003134595023261
0.8009391162130568
0.8011369638972812
0.8013282881842719
0.801382475429111
0.8016219867600335
0.8016229271888733
0.8018397159046597
0.8018598688973321
0.8020056230681283
0.8021662169032626
0.8023181955019633
0.8024161458015442
0.8025051222907172
0.8025362661906651
0.8027788466877408
0.8028273383776346
0.8030623263782926
0.803136494424608
0.8033449980947707
0.8034068544705709
0.8034700022803413
0.8034740537405014
0.8034976323445638
0.8034997582435608
0.8036633266343011
0.8037620271955218
0.803967297077179
0.8040134112040201
0.8040134509404501
0.804087413681878
0.8041524622175429
0.8042574326197306
0.8043017586072286
0.8044418096542358
0.804520825544993
0.804578615559472
0.8047529525227017
0.8048865965434483
0.8049418528874716
0.8049425085385641
0.8050796323352389
0.8051344023810493
0.8051614363988241
0.8052510884073045
0.805347740650177
0.8053770396444533
0.8054610093434652
0.805502040045602
0.8056609034538269
0.8057731815746852
0.8057764002255031
0.8061381114853753
0.8061420056555006
0.8062649113791329
0.8063041567802429
0.8063194155693054
0.8064706836427961
0.8066312604480319
0.8067361580000983
0.8067949016888937
0.8070190804345267
0.8070712770734515
0.8071173684937614
0.8073378205299377
0.8073845174577501
0.8074368768268161
0.8075333568784926
0.8079473177591959
0.8080921173095703
0.8083402117093405
0.8084007104237875
0.808466739124722
0.808528396818373
0.8085658285352919
0.8086138831244575
0.8088032338354323
0.8088473280270895
0.8091002702713013
0.8091558549139235
0.8092117375797696
0.8092598063605172
0.8094333940082126
0.8095879289839003
0.8098404672410753
0.8099903911352158
0.8100068143435887
0.8102070622973971
0.8104083140691122
0.8105052709579468
0.8106508255004883
0.8107848167419434
0.8108041797365461
0.8109343316819932
0.8109789424472384
0.8110018968582153
0.8111010061370002
0.8111971418062845
0.8117321899959019
0.8118252687984042
0.8120780256059434
0.8121316858700344
0.8122221032778422
0.8122225602467855
0.8123832600457328
0.8124465876155429
0.8126047849655151
0.8126090897454156
0.8126403954293993
0.8127239942550659
0.8128229710790846
0.8130673633681403
0.8131193452411227
0.8133874961308071
0.8136196987969535
0.8136332631111145
0.8137817250357734
0.8139500816663107
0.8145125243398879
0.8146728807025485
0.8147104041916984
0.8147202134132385
0.8147537642055087
0.8147822287347581
0.814857025941213
0.8150074567113604
0.8151528106795417
0.8151756525039673
0.8152060310045878
0.8152682913674248
0.8154829485075814
0.8155432343482971
0.8159012879644122
0.815976755959647
0.8160211576355828
0.8162027256829398
0.8162201311853197
0.8162346151140001
0.8162439399295383
0.8162786828147041
0.816462516784668
0.8164799383708409
0.816621720790863
0.8166779478391012
0.8168477747175429
0.8172109723091125
0.8172214882714408
0.8174836039543152
0.8175203970500401
0.8175297511948479
0.817571759223938
0.8177829053666856
0.8177861438857185
0.8179602755440606
0.8180387748612298
0.8180639573505947
0.8182414240307279
0.8183838460180495
0.818712035814921
0.8188450667593214
0.8190817435582479
0.8192575971285502
0.8193614142281669
0.8195063812392098
0.8195303214920892
0.8197341759999593
0.8198409014277988
0.8198518620596992
0.8204003638691373
0.8204455905490451
0.8206197278840202
0.8207146657837762
0.8208862543106079
0.8209138380156623
0.8209463357925415
0.8209643562634786
0.821000874042511
0.8212122519810995
0.8212651440075466
0.821322931183709
0.821563247177336
0.8218045575278146
0.821923659907447
0.8220246367984347
0.8220715075731277
0.8221350227083478
0.8223071429464552
0.8223505360739571
0.8229594429334005
0.8230358809232712
0.8233170509338379
0.8235032227304246
0.8236145632607597
0.8239900536007352
0.8239995307392545
0.8241122696134779
0.8241722186406454
0.8243376943800185
0.8243697947925992
0.8246098756790161
0.8247372309366862
0.82481939262814
0.8248436110360282
0.8249098989698622
0.8250524931483798
0.8251144971166339
0.8252960102898734
0.8253227869669596
0.825383050101144
0.8254677918222215
0.8258343471421136
0.8258579307132297
0.8259462316830953
0.8259730802641975
0.8259731067551507
0.8260761896769205
0.8261875765664237
0.8262129340853009
0.8264305856492784
0.8264528512954712
0.8264908705438886
0.8265554394040789
0.8265981078147888
0.826751278506385
0.8269055485725403
0.8270822082247052
0.8272670933178493
0.8272763159539964
0.8273705310291715
0.8274352153142294
0.8276017506917318
0.8276684814029269
0.8276994058064052
0.8278806540701125
0.8279849423302544
0.8280412024921842
0.8281944053513663
0.8283527559704251
0.8284795814090304
0.8286104713167463
0.8286304937468635
0.8286997675895691
0.8287487294938829
0.8287837240431044
0.828911734951867
0.8290762172804939
0.8294939862357246
0.8295210070080228
0.8297345042228699
0.8298934631877475
0.8301246166229248
0.8301573140280587
0.830803202258216
0.8308169643084208
0.8310722879001072
0.8318364109311785
0.8321230241230556
0.8322429060935974
0.8326910734176636
0.8328537940979004
0.8329056898752848
0.8330452508396573
0.833303776052263
0.8333716922336154
0.8336542844772339
0.8337272471851773
0.8337281677458022
0.8337771362728543
0.8339387774467468
0.8341812358962165
0.8342192854200091
0.8342990449496678
0.8346898953119913
0.8347675932778252
0.8348935908741422
0.8349001341395907
0.8349870698792594
0.8350075946913825
0.8352543030466352
0.835347558770861
0.8353857861624824
0.8355831371413337
0.8355995880232917
0.8356945249769423
0.8357886009746127
0.8359402881728278
0.8359831145831517
0.8360371930258614
0.8360944305147443
0.8361721502410041
0.8365173670980666
0.8365284138255649
0.8368918895721436
0.836999601787991
0.837160176701016
0.8373217913839552
0.8378975060251024
0.8380620309284755
0.8381561504469978
0.8381768635341099
0.8383399976624383
0.8383830445153373
0.8386252257559035
0.8389137784639994
0.8389994634522332
0.839096466700236
0.8391240920339312
0.8392158001661301
0.8395011084420341
0.8395347197850546
0.8400343788994683
0.8405271342822483
0.8405831191274855
0.8406178951263428
0.8406436642011007
0.8409395549032423
0.8409661451975504
0.8412844803598192
0.8416870501306322
0.8418554862340292
0.8419861462381151
0.8419956735202244
0.8420175909996033
0.8420243594381545
0.8420526716444228
0.8423591785960727
0.8429427610503303
0.8429785503281487
0.8431083626217313
0.8431181444062127
0.8431545760896471
0.8431987232632108
0.8432030422346932
0.843213215470314
0.8433735635545518
0.8434170654841832
0.8437862481389727
0.8439902861913046
0.8441877497567071
0.8442483080757989
0.8444172739982605
0.8444650513785226
0.8445369203885397
0.8445735148021153
0.844809869925181
0.8452765676710341
0.8455277416441176
0.8457057409816318
0.8457868960168626
0.8458792501025729
0.8458925353156196
0.8459140393469069
0.8459420800209045
0.8461301752499172
0.8462612960073683
0.8464368979136149
0.8466874559720358
0.846926834848192
0.8471929430961609
0.847489767604404
0.8475023574299283
0.8478182885381911
0.8478538791338602
0.8478919097355434
0.8479835655954149
0.8481389549043443
0.8483879698647393
0.848401027066367
0.8486458129352994
0.8486955695682101
0.8488909734619988
0.8489031063185798
0.8491648501820035
0.8492638639041356
0.8493796586990356
0.8494235788072858
0.8499155508147346
0.8500332103835212
0.8500526282522414
0.850271377298567
0.8505400088098314
0.850557974406651
0.8506707634244647
0.8508173359764947
0.8509731358951993
0.8512384825282626
0.8512556552886963
0.8513254523277283
0.8513649238480462
0.8516418470276726
0.8522230121824477
0.8526727027363248
0.8529502749443054
0.8531614873144362
0.8531752626101176
0.8535257511668735
0.853887505001492
0.8542489835194179
0.8546709503446307
0.8547167645560371
0.8548822402954102
0.8554439544677734
0.8557664155960083
0.8562853203879462
0.8566667901145087
0.8566743069224887
0.8567296465237936
0.8567562169498868
0.8568011351994106
0.8568291749273028
0.8568460685866219
0.8571249379052056
0.8573796238218035
0.8574755258030362
0.8576852679252625
0.8577171166737875
0.8578780823283725
0.8580168741089957
0.8582273920377096
0.8582492139604356
0.8582857421466282
0.8583588600158691
0.858756959438324
0.8589185625314713
0.8589955038494534
0.8591525157292684
0.859412305884891
0.8595264639173236
0.8595494429270426
0.85983088186809
0.8599467343754239
0.8599686159027947
0.8602613721575055
0.8604672976902553
0.8605866091591972
0.8611627684699165
0.8612005625452314
0.8613175617323982
0.8615288933118185
0.8616846203804016
0.8619944387012057
0.8621151381068759
0.8621301783455743
0.862328052520752
0.8624581429693434
0.8625434305932786
0.8627282645967271
0.8627293176121182
0.8628783226013184
0.8634644813007779
0.8637017352240426
0.8642117579778036
0.8647828433248732
0.865010228421953
0.8650504151980082
0.8659021513802665
0.8659405367715018
0.8661239147186279
0.8662773966789246
0.8663061516625541
0.8665341602431403
0.8667251600159539
0.8669726082256862
0.8671223984824287
0.8672333359718323
0.8674947950575087
0.8678329123391045
0.8683007274355207
0.8683522277408176
0.868357883559333
0.8684251175986396
0.8688489066229926
0.8689181293760028
0.8689959247907003
0.8691785203086005
0.8691958955356053
0.8692829608917236
0.8695515394210815
0.8695734209484525
0.869651062147958
0.869829343424903
0.870298445224762
0.8703858123885261
0.8704660998450385
0.8709507518344455
0.8713724282052782
0.8716907302538554
0.8717417518297831
0.8719798591401842
0.8720250527064005
0.8721147328615189
0.8721672551972526
0.8723906609747145
0.8729308512475755
0.8732906182607015
0.8735402375459671
0.8735532893074883
0.8736559599637985
0.8739683561854892
0.8740416765213013
0.8743007381757101
0.8743093212445577
0.8746845920880636
0.8747026721636454
0.8747237986988492
0.8751780646187919
0.8757800261179606
0.8759499589602152
0.8759559307779584
0.8763567805290222
0.8767884704801772
0.876868850655026
0.8771273758676317
0.877188331551022
0.8778745446886335
0.8783113530703953
0.8785854445563422
0.8790592485004001
0.8792216314209832
0.8792552947998047
0.879292505128043
0.8803810808393691
0.8804245524936252
0.880436360836029
0.8812326192855835
0.8812561631202698
0.8812614480654398
0.8813555969132317
0.881568517949846
0.8817769355244107
0.8822362290488349
0.8824642565515306
0.882610023021698
0.8826767206192017
0.8837372234889439
0.8837923237255642
0.8839825391769409
0.8849690301077706
0.8853345380889045
0.8853873875406053
0.8861288759443495
0.8873526189062331
0.887604221701622
0.8876324362225003
0.8877677122751871
0.8880136864525932
0.888140963183509
0.8882101972897848
0.888250544667244
0.8882774114608765
0.8886315822601318
0.889181273324149
0.8896096547444662
0.889909459484948
0.89023847050137
0.8903137114312913
0.8907536069552103
0.8909691241052415
0.8910013011523655
0.8916421135266622
0.8917471435334947
0.8919530047310723
0.8922644058863322
0.8928619888093736
0.8937000234921774
0.8939540253745185
0.8942703264100211
0.8949356608920627
0.8950628042221069
0.895084628037044
0.8951968124934605
0.8958131074905396
0.8975496623251173
0.8978513876597086
0.8980525930722555
0.8986255526542664
0.89902130762736
0.899200353357527
0.8995587295956082
0.8995922870106168
0.9003610412279764
0.9005645778444078
0.9013481471273634
0.9015220138761733
0.9015608297453986
0.9016288585133023
0.9017009649957929
0.9029847449726529
0.9040528195244926
0.9048406907490322
0.9048480788866679
0.9048761990335252
0.9049835867351956
0.905367944921766
0.905615852938758
0.9065731167793274
0.906715886933463
0.907260172896915
0.9076037917818341
0.9077597525384691
0.9096233447392782
0.9096389611562093
0.9098228812217712
0.9108020861943563
0.9108063048786588
0.9114146100150214
0.9121836622556051
0.9138896067937216
0.9143092301156786
0.9144447531018939
0.9149711926778158
0.9149996373388503
0.9152792521885463
0.9155493113729689
0.9158949785762363
0.9193050009863717
0.9200576799256461
0.9212685078382492
0.921871092584398
0.9220708277490404
0.9223046435250176
0.9224995459829058
0.9247060616811117
0.9247357646624247
0.9271658526526557
0.9272375617708478
0.9281666013929579
0.9281868868403964
0.928352865907881
0.9314970903926425
0.9323767953448825
0.9347908960448371
0.9362729021481105
0.938448793358273
0.9390058517456055
0.9422581129603915
0.9426491856575012
0.9431398709615072
0.944135274205889
0.9443892902798123
0.9449034465683831
0.9458984467718337
0.9510411705289569
0.9562549080167498
0.9635715740067619
0.973996447192298
0.9747910648584366
0.9811800462859017
0.9851263761520386
0.9867482847637601